

    q = 1.60217662e-19;
    h = 6.626070040e-34;
    c = 299792458;
    kb = 1.38064852e-23;
    m0 = 9.11e-31;

